bcol <- c(
  w ="#ffffff",
  g1="#576a26",
  g2="#919e39",
  yg="#b1ab3e",
  y1="#d6c350",
  y2="#eece5a",
  yb="#d1a123",
  b1="#966521",
  b2="#5c361f",
  b3="#261d19")
